2 0.49751724137931036 0.06804597701149426 0.13410344827586207 0.13609195402298851
3 0.33793103448275863 0.6724137931034483 0.14482758620689656 0.39080459770114945
2 0.3913793103448276 0.7342528735632184 0.1123793103448276 0.25557471264367815
2 0.2189655172413793 0.855287356321839 0.17048275862068965 0.28586206896551725
2 0.3559655172413793 0.12172413793103448 0.13051724137931034 0.20419540229885058
3 0.4612413793103448 0.14063218390804597 0.096 0.15126436781609195
2 0.8522758620689656 0.1746551724137931 0.1830344827586207 0.14672413793103448
3 0.7484137931034482 0.21022988505747126 0.1258965517241379 0.18454022988505747
2 0.16634482758620692 0.23212643678160919 0.12148275862068965 0.2374712643678161
2 0.8214482758620689 0.32741379310344826 0.19258620689655173 0.25862068965517243
3 0.21944827586206897 0.3478735632183908 0.1842758620689655 0.20873563218390806
3 0.5793103448275863 0.4425287356321839 0.15862068965517243 0.3333333333333333
3 0.6154827586206897 0.04689655172413793 0.1413448275862069 0.09379310344827586
2 0.683551724137931 0.4681034482758621 0.13086206896551725 0.2313793103448276
2 0.13186206896551725 0.49609195402298845 0.23944827586206896 0.1996551724137931
2 0.5692068965517241 0.5558045977011494 0.09779310344827585 0.2374712643678161