3 0.13465454545454547 0.6094535519125683 0.23018181818181818 0.33846994535519126
2 0.45938181818181817 0.727103825136612 0.2412 0.4402185792349727
3 0.7007636363636364 0.7339344262295082 0.23152727272727272 0.36885245901639346
3 0.8734545454545454 0.08426229508196721 0.2512 0.16846994535519125
3 0.2265818181818182 0.8378688524590164 0.2304 0.2884153005464481
3 0.6270545454545454 0.14497267759562843 0.25778181818181817 0.28994535519125686
3 0.3290909090909091 0.17453551912568308 0.2594181818181818 0.34912568306010927
3 0.09636363636363636 0.24316939890710382 0.19272727272727272 0.3989071038251366
3 0.8891272727272727 0.36125683060109287 0.16996363636363637 0.2792896174863388
2 0.7189454545454546 0.412896174863388 0.20072727272727273 0.4978688524590164
3 0.5507636363636363 0.46295081967213114 0.26439999999999997 0.4250273224043716