2 0.44262222222222225 0.4740888888888889 0.10488888888888889 0.13333333333333333
3 0.9188 0.47555555555555556 0.1624 0.12742222222222224
2 0.8588888888888889 0.4836888888888889 0.10479999999999999 0.15555555555555556
3 0.196 0.5036888888888889 0.07977777777777778 0.17186666666666667
3 0.3937777777777777 0.5377777777777778 0.09008888888888889 0.06813333333333334
2 0.46484444444444445 0.0652 0.10488888888888889 0.10964444444444445
3 0.3323111111111111 0.6370222222222223 0.2016888888888889 0.10964444444444445
2 0.9292444444444445 0.6570222222222223 0.1270222222222222 0.21186666666666668
3 0.8996444444444444 0.6666666666666666 0.1811111111111111 0.09186666666666668
2 0.1885777777777778 0.6711111111111111 0.10351111111111111 0.12444444444444444
2 0.42560000000000003 0.7118666666666666 0.13062222222222222 0.09333333333333334
3 0.7426222222222222 0.7444444444444445 0.09742222222222223 0.22666666666666666
3 0.27897777777777777 0.7629777777777778 0.0856888888888889 0.17777777777777778
2 0.3523111111111111 0.8155555555555556 0.09062222222222223 0.1052
3 0.9166666666666666 0.8392444444444445 0.14702222222222222 0.12297777777777778
2 0.8018666666666666 0.8414666666666667 0.13297777777777778 0.16297777777777778
2 0.22342222222222224 0.8459111111111112 0.14053333333333334 0.18075555555555556
2 0.28933333333333333 0.1711111111111111 0.0856888888888889 0.18813333333333332
3 0.7159555555555556 0.17924444444444443 0.08262222222222222 0.11555555555555555
2 0.0952888888888889 0.19777777777777777 0.15684444444444445 0.1288888888888889
3 0.20044444444444445 0.19924444444444445 0.12422222222222222 0.1288888888888889
2 0.9476888888888888 0.21408888888888888 0.10462222222222221 0.16742222222222222
3 0.5974666666666667 0.24368888888888887 0.10693333333333332 0.2059111111111111
2 0.6463111111111111 0.25035555555555555 0.14484444444444447 0.20146666666666666
2 0.19302222222222223 0.2985333333333333 0.1508888888888889 0.1052
3 0.47302222222222223 0.3977777777777778 0.10986666666666667 0.1288888888888889
3 0.7033333333333334 0.4111111111111111 0.18186666666666668 0.10813333333333333
2 0.6115111111111111 0.4363111111111111 0.09955555555555555 0.15257777777777776