2 0.9219333333333333 0.6117857142857143 0.15613333333333335 0.32404761904761903
0 0.4322 0.7655357142857143 0.06373333333333334 0.1488095238095238
0 0.21926666666666667 0.8019047619047619 0.048966666666666665 0.17523809523809525
0 0.6363333333333333 0.8225595238095238 0.08126666666666667 0.20339285714285715
2 0.47850000000000004 0.8441071428571428 0.03256666666666667 0.10083333333333334
3 0.44423333333333337 0.8448809523809524 0.047066666666666666 0.10910714285714285
2 0.4220333333333333 0.8911904761904762 0.06373333333333334 0.08595238095238095
0 0.24703333333333333 0.09178571428571429 0.07673333333333333 0.14714285714285713
1 0.1665 0.9538690476190477 0.04343333333333333 0.09226190476190477
1 0.14753333333333332 0.11494047619047618 0.0538 0.09755952380952382
3 0.3132333333333333 0.2563095238095238 0.04986666666666667 0.12238095238095237
2 0.2989 0.28440476190476194 0.0656 0.09922619047619048
3 0.45580000000000004 0.36625 0.15723333333333334 0.4480952380952381
0 0.6956 0.3935119047619048 0.1831 0.46625
3 0.9154666666666667 0.42410714285714285 0.1691 0.415
0 0.23270000000000002 0.45720238095238097 0.06283333333333334 0.17029761904761903
2 0.391 0.49107142857142855 0.08503333333333334 0.3373214285714286