3 0.2896666666666667 0.7151190476190477 0.29359999999999997 0.22321428571428573
3 0.6576333333333333 0.76375 0.3293666666666667 0.4725595238095238
2 0.11603333333333334 0.7688690476190475 0.21286666666666668 0.30095238095238097
2 0.6784666666666667 0.8579761904761904 0.2877 0.28404761904761905
2 0.25630000000000003 0.8670833333333332 0.22486666666666666 0.26589285714285715
2 0.4604333333333333 0.1463095238095238 0.24609999999999999 0.22982142857142857
2 0.14473333333333335 0.1744642857142857 0.19619999999999999 0.18351190476190476
3 0.4516333333333334 0.20255952380952383 0.13036666666666666 0.15708333333333332
2 0.7321666666666666 0.30839285714285714 0.2377 0.39517857142857143
3 0.235 0.33648809523809525 0.21746666666666664 0.16702380952380952
3 0.6831 0.36291666666666667 0.28400000000000003 0.19678571428571429
2 0.1113 0.3902380952380953 0.22256666666666666 0.34059523809523806