3 0.6521708185053381 0.5580555555555555 0.08494661921708185 0.1801111111111111
3 0.3233096085409252 0.5951111111111111 0.11736654804270462 0.133
2 0.5486476868327401 0.6733888888888888 0.201423487544484 0.27611111111111114
2 0.21868327402135232 0.7281111111111112 0.24893238434163703 0.3282777777777778
3 0.7082562277580071 0.15233333333333335 0.04825622775800712 0.07238888888888889
2 0.6295373665480427 0.21377777777777776 0.1410320284697509 0.12122222222222222
3 0.8370818505338078 0.27944444444444444 0.0795017793594306 0.07744444444444444
2 0.8387188612099644 0.3467777777777778 0.0913523131672598 0.13133333333333333
2 0.7432740213523132 0.39311111111111113 0.0795373665480427 0.10944444444444444
3 0.3012099644128114 0.3947777777777778 0.10334519572953736 0.16327777777777777
3 0.6225266903914591 0.4578888888888889 0.11836298932384341 0.10772222222222222
2 0.18366548042704625 0.5336666666666667 0.1810320284697509 0.18516666666666665