3 0.3735272727272727 0.5760655737704918 0.08196363636363636 0.21704918032786885
2 0.4194909090909091 0.649672131147541 0.08465454545454545 0.1548087431693989
2 0.29523636363636363 0.6921857923497268 0.12712727272727273 0.15786885245901638
2 0.5588727272727273 0.1487431693989071 0.07654545454545454 0.1730601092896175
2 0.6336 0.20491803278688525 0.10527272727272727 0.1366120218579235
3 0.5886545454545454 0.21781420765027323 0.0836 0.13207650273224045
2 0.48058181818181817 0.23754098360655737 0.08567272727272726 0.14721311475409837
3 0.4513090909090909 0.27169398907103826 0.07389090909090909 0.06983606557377049
2 0.3861454545454545 0.2792896174863388 0.11094545454545456 0.1244808743169399
2 0.6992727272727273 0.31191256830601094 0.11538181818181818 0.08349726775956284
3 0.6325818181818182 0.33846994535519126 0.1048 0.09409836065573769
2 0.2806181818181818 0.363551912568306 0.08974545454545454 0.14420765027322405
2 0.6926909090909091 0.4098360655737705 0.12196363636363636 0.15180327868852458
3 0.3134545454545455 0.41437158469945357 0.14356363636363637 0.1184153005464481
3 0.5412 0.4705464480874317 0.08363636363636363 0.2125136612021858
2 0.6144363636363637 0.48950819672131146 0.12545454545454546 0.12901639344262295
2 0.24574545454545454 0.5069945355191257 0.13116363636363637 0.1426775956284153
2 0.5230181818181818 0.5388524590163934 0.082 0.1730601092896175