2 0.9368327402135231 0.5812849162011173 0.12629893238434164 0.1147486033519553
3 0.8264056939501779 0.5918994413407821 0.11128113879003558 0.2053631284916201
2 0.1397864768683274 0.630391061452514 0.14608540925266902 0.1464804469273743
3 0.4691814946619217 0.6311173184357541 0.14537366548042704 0.3140782122905028
3 0.28644128113879 0.6356424581005586 0.14316725978647685 0.2687709497206704
3 0.6292882562277581 0.6492737430167598 0.10790035587188612 0.27782122905027934
3 0.20565836298932383 0.6635754189944134 0.16647686832740213 0.24307262569832402
2 0.39992882562277576 0.6794413407821229 0.09729537366548043 0.28083798882681565
2 0.8326690391459074 0.6884916201117318 0.12380782918149466 0.19324022346368716
2 0.5090747330960854 0.7036312849162011 0.09405693950177936 0.22346368715083798
2 0.6764056939501779 0.7564804469273743 0.09786476868327403 0.24458100558659218
2 0.2075800711743772 0.7896648044692737 0.09893238434163701 0.17513966480446927
2 0.6047330960854093 0.151731843575419 0.1488612099644128 0.2702793296089386
2 0.3508896797153025 0.2204469273743017 0.12419928825622775 0.16910614525139664
3 0.44174377224199285 0.2506145251396648 0.12135231316725979 0.2023463687150838
3 0.6225622775800712 0.2536871508379888 0.10750889679715303 0.25972067039106145
3 0.18594306049822065 0.3140782122905028 0.15761565836298932 0.32312849162011176
2 0.77355871886121 0.31932960893854745 0.10797153024911033 0.1887150837988827
3 0.2965480427046263 0.34653631284916203 0.1693950177935943 0.143463687150838
3 0.9243416370106762 0.366927374301676 0.1513167259786477 0.16608938547486032
2 0.20612099644128115 0.3970949720670391 0.17298932384341636 0.22346368715083798
3 0.7427402135231317 0.4182122905027933 0.14594306049822064 0.21139664804469277